12 10
-15 -24 -4 19 6 3 -7 -11 -10 0
-39 -20 -22 7 6 19 17 -3 -19 15
-30 -18 -6 -17 8 2 12 -19 -37 0
-23 -21 -23 1 3 -17 -5 -27 -39 -37
-1 6 -6 -22 -34 -3 28 9 -23 10
8 7 6 -43 5 12 3 -7 -27 23
18 33 2 -3 0 -23 -8 41 -22 1
-17 21 -11 10 -11 -4 0 31 -6 0
-13 7 -22 -19 -14 19 24 -2 0 -14
-29 -4 -45 -16 -10 -22 12 7 -8 -17
-2 -7 -3 -28 13 -1 -26 -20 -19 18
-9 9 10 -8 46 31 -1 -14 3 30
---
5 7
25 17 8 2 22 28 35
4 14 12 10 40 41 45
3 -1 0 -17 -1 -4 17
-3 0 -8 -38 -3 3 -29
11 -2 -32 -40 -8 -9 -15
---
6 4
23 21 -5 0
17 21 -1 18
5 4 16 -11
-2 18 -8 -49
-11 5 -34 -56
14 16 -21 -41
---
17 16
-27 -17 -16 14 -12 -10 -34 -32 -22 12 -3 -22 -41 -33 -17 5
-3 8 -2 -6 -6 -12 -10 -27 5 18 27 16 -22 -11 8 24
12 -6 15 34 17 26 4 -22 -21 -8 6 -1 4 -25 15 34
-2 8 17 16 44 20 1 -24 -32 -17 6 -11 -11 -22 -19 17
-18 6 13 23 47 21 -12 -32 -23 -15 24 34 6 21 7 19
-25 5 5 23 35 13 25 25 -5 2 6 10 32 19 22 30
-27 -3 11 18 17 28 25 7 28 9 32 51 20 -7 -36 -7
-43 -1 -6 -20 -7 24 13 0 -13 -6 18 19 25 15 2 3
-7 -28 -4 -39 14 10 8 18 -3 17 26 11 8 -32 -32 -11
-17 8 3 -14 -3 -10 1 4 -23 -14 -15 -1 -1 -12 -42 -21
-12 9 -10 -9 27 4 -20 -27 -10 -15 -30 -11 -4 -4 9 7
-10 21 2 -7 40 2 -3 5 -30 -4 17 21 8 17 17 31
-17 6 0 2 28 23 26 -15 4 -4 -8 7 18 5 2 18
-14 -26 -13 0 11 8 14 0 -6 0 17 16 -8 -12 -21 -4
-19 7 -14 -10 9 -22 -27 -14 -28 -12 27 11 -9 -33 4 14
4 17 24 14 16 -7 -20 4 -10 -16 19 17 19 -6 7 32
-1 7 17 21 21 36 -3 -9 18 -6 16 22 6 0 24 27
---
13 9
-20 -25 -23 7 25 20 -5 -33 -11
-26 -36 -5 2 27 27 13 -24 -7
-19 -28 -3 1 13 14 3 -19 -21
0 -16 -10 6 1 0 -17 -33 -40
-5 -13 -17 -7 -17 -7 -11 -18 -25
9 1 -13 -43 12 -9 3 1 16
4 35 -1 9 7 -5 21 7 -10
2 15 -8 11 6 46 18 15 -4
-2 13 -29 18 -5 16 31 20 -21
-21 -4 -33 -2 -29 -9 26 -9 -4
-2 8 -14 -28 18 -10 5 -5 0
21 0 -12 9 34 26 6 -13 15
-5 -1 -8 -3 30 17 -17 -8 13
---
6 11
-11 -19 -16 14 23 20 13 20 1 10 9
-3 -27 6 8 17 29 50 12 0 -1 4
-15 -10 -16 -13 8 0 13 7 -25 -23 -19
3 -10 -16 -6 -13 1 0 -1 -4 -30 -5
-3 3 2 -36 -37 3 -21 -7 -2 -17 15
-3 3 8 -9 6 11 1 -22 -14 -3 49
---
9 11
-13 -20 -9 -1 17 39 24 -14 8 15 18
-24 -30 -22 -11 7 40 26 15 13 15 6
-12 -27 -10 -9 4 19 22 -5 -22 -15 -4
-20 -8 -21 -17 -11 -6 11 3 -39 -31 -7
13 6 6 -12 -27 -22 23 -12 -34 7 9
22 -1 -5 -39 2 17 -1 25 -34 -23 26
9 3 3 1 23 21 29 28 -9 4 8
-22 -14 2 -20 42 13 14 11 -11 -27 -7
-10 -13 -29 -14 -6 20 0 -29 -26 -20 -9
---
13 7
-18 -13 -17 15 7 13 -1
-32 -20 -11 -7 18 7 12
-34 -26 -6 5 0 26 0
-26 -9 -28 -12 13 -12 0
15 0 -27 -28 -30 -7 -1
16 1 -4 -28 1 18 35
33 17 -11 -15 17 21 13
3 27 -1 -15 10 39 23
-3 6 -34 2 15 34 21
-17 -6 -46 -19 -33 3 -29
5 6 -45 -22 17 7 -24
17 22 0 16 49 36 7
10 5 -8 -3 23 21 5
---
12 11
-13 -12 -13 0 2 21 4 1 -6 4 3
-39 -13 -24 1 0 16 5 -11 5 8 22
-27 -38 -7 6 14 19 7 -9 -13 -6 9
2 -17 0 -19 0 -19 -28 -30 -33 -39 -17
3 3 -4 -19 -35 12 16 14 0 -3 31
17 0 6 -10 18 -25 23 4 -34 7 33
8 15 -6 -24 -13 6 3 -5 6 2 15
-23 1 2 5 -8 12 43 -1 7 25 3
-16 -3 -23 -23 21 17 34 -13 -9 5 -1
-2 0 -32 -30 -5 0 2 3 -5 3 27
13 -1 -4 -11 13 -4 -4 -12 3 6 27
-5 25 13 16 33 45 -1 -9 12 28 44
---
7 7
23 -12 -14 -2 33 22 24
-1 -14 -6 6 13 36 37
0 -1 -11 -8 -8 22 14
-21 3 -23 -35 12 1 -7
-16 -14 -37 -13 -22 19 14
8 -3 -30 -35 6 37 23
21 33 -7 -21 20 53 54
---
